              precision    recall  f1-score   support
           0       0.58      0.55      0.56       309
           1       0.42      0.47      0.44       496
           2       0.71      0.49      0.58       183
           3       0.44      0.38      0.41       346
           4       0.45      0.52      0.48       569
           5       0.64      0.60      0.62       393
           6       0.65      0.50      0.57       330
           7       0.40      0.47      0.44       367
           8       0.66      0.59      0.62       395
           9       0.60      0.10      0.18       116
          10       0.45      0.65      0.53       443
          11       0.54      0.33      0.41       344
          12       0.46      0.49      0.48       246
          13       0.42      0.51      0.46       442
          14       0.00      0.00      0.00        21

    accuracy                           0.50      5000
   macro avg       0.50      0.44      0.45      5000
weighted avg       0.51      0.50      0.49      5000
